jarak dari node 0: 0 3 2 2 3 3 3 3 3 2 3 3 2 3 2 2 2 2 2 2 2 3 2 3 2 3 3 3 3 1 3 1 3 3 3 2 3 3 1 2 3 3 2 1 3 2 3 3 3 2 3 3 2 3 3 3 3 3 2 2 2 3 3 1 3 3 4 2 1 3 1 3 3 3 1 3 1 1 3 2 3 3 4 3 3 4 4 2 3 3 5 4 3 3 3 1 4 2 4 6 
jarak dari node 1: 3 0 2 3 3 3 2 3 2 2 3 2 2 2 2 2 3 2 2 2 2 3 2 1 2 1 2 2 3 3 3 2 2 2 2 2 3 2 2 2 2 1 3 3 3 1 2 1 2 3 3 2 3 3 1 2 3 2 3 1 3 3 2 3 3 1 1 3 3 3 3 3 2 1 3 3 3 2 3 2 2 3 1 3 3 3 3 2 3 3 4 4 3 3 4 4 4 3 2 9 
jarak dari node 2: 2 2 0 1 2 2 2 3 2 2 2 1 3 2 3 2 2 2 3 2 2 3 2 2 2 3 2 3 3 3 2 3 3 1 3 2 2 2 3 2 2 1 3 3 1 3 2 2 3 3 2 3 3 2 3 3 3 1 3 3 3 2 3 3 3 3 2 3 2 3 2 3 2 3 3 3 2 1 1 3 2 3 2 2 2 2 3 3 1 3 4 2 1 1 2 3 3 1 4 8 
jarak dari node 3: 2 3 1 0 1 2 3 2 3 2 2 2 2 3 3 2 2 3 2 2 2 3 2 2 2 2 3 3 3 2 3 3 2 1 2 1 2 2 2 1 1 2 2 2 2 3 2 2 2 3 1 3 3 2 2 2 3 2 2 3 3 1 3 3 2 3 2 2 1 3 1 2 2 3 3 2 3 2 2 3 1 3 3 3 3 3 3 3 1 2 3 3 2 2 1 3 2 2 5 8 
jarak dari node 4: 3 3 2 1 0 3 2 2 2 3 1 2 2 2 2 3 3 2 2 1 3 2 2 2 3 2 3 2 2 3 2 2 3 2 2 1 3 2 2 2 2 3 2 2 3 2 3 3 3 2 2 3 4 1 3 2 3 2 3 3 3 2 2 3 1 2 3 3 2 2 2 3 1 2 3 1 3 2 3 2 2 2 3 3 3 2 3 4 2 3 4 4 3 3 2 4 3 3 5 9 
jarak dari node 5: 3 3 2 2 3 0 3 2 3 4 2 3 2 3 3 3 2 3 3 3 2 3 2 2 3 3 2 2 3 2 3 3 3 3 2 3 2 3 3 3 3 3 2 3 3 4 2 3 3 3 3 3 3 4 3 3 3 1 3 4 1 3 4 3 3 3 3 4 3 4 3 3 3 3 4 3 3 3 3 4 3 3 4 4 3 2 4 3 3 4 5 4 3 2 1 4 4 3 5 9 
jarak dari node 6: 3 2 2 3 2 3 0 2 2 2 2 2 3 3 1 3 2 1 2 2 2 2 2 3 3 3 2 2 3 2 1 2 1 3 3 2 2 2 2 2 2 1 1 2 2 3 2 2 3 2 3 2 3 1 2 3 2 3 1 2 3 3 3 2 3 3 2 2 3 1 3 3 2 3 2 3 4 2 3 2 3 2 1 1 3 3 1 3 2 3 2 4 3 3 4 4 5 3 4 9 
jarak dari node 7: 3 3 3 2 2 2 2 0 3 3 2 2 2 3 2 3 2 1 3 2 3 1 2 3 3 3 2 2 2 2 3 3 2 3 2 3 3 3 3 3 3 2 3 3 2 3 3 3 3 2 3 3 3 2 3 3 2 3 3 3 1 3 3 2 1 3 3 3 2 2 3 3 2 3 2 3 3 2 2 3 3 2 3 3 1 1 3 4 3 4 4 2 4 4 3 4 4 4 5 9 
jarak dari node 8: 3 2 2 3 2 3 2 3 0 2 2 2 3 3 2 3 3 2 2 2 2 2 3 2 3 2 2 2 2 3 3 3 3 2 1 3 3 3 3 3 2 3 3 4 3 3 2 2 1 2 2 3 3 3 2 3 2 3 3 3 2 3 3 3 3 3 1 3 3 1 3 3 1 3 3 3 3 3 1 1 3 1 3 3 3 2 3 3 3 3 3 4 3 3 4 4 5 3 4 9 
jarak dari node 9: 2 2 2 2 3 4 2 3 2 0 2 3 2 2 2 1 2 2 3 2 2 3 2 2 2 1 2 2 1 2 3 3 3 3 2 3 3 2 2 2 2 1 2 3 2 3 2 2 2 1 3 1 2 3 2 3 2 3 3 3 3 3 1 2 3 3 3 2 1 1 2 3 2 3 3 3 3 3 3 3 3 3 3 3 2 2 3 1 2 1 4 4 3 3 3 3 4 3 4 8 
jarak dari node 10: 3 3 2 2 1 2 2 2 2 2 0 2 2 3 3 3 2 2 3 2 3 3 2 2 3 3 3 2 1 3 1 3 3 3 2 2 2 2 2 3 3 3 2 3 2 3 2 3 2 1 1 2 3 2 2 3 2 1 3 3 3 3 2 3 1 3 2 2 3 3 3 3 2 3 2 2 3 3 3 3 3 1 3 3 3 1 3 3 3 3 4 4 3 3 3 4 4 3 5 9 
jarak dari node 11: 3 2 1 2 2 3 2 2 2 3 2 0 2 3 2 2 3 2 2 2 3 3 3 2 3 2 3 2 3 3 2 3 3 2 3 3 2 2 3 3 3 2 2 4 1 3 3 2 3 2 3 3 4 3 3 3 3 2 3 3 3 3 3 3 2 3 3 3 3 3 3 3 1 2 3 3 3 2 2 3 1 3 1 2 1 1 3 4 2 4 4 3 2 2 3 4 4 2 4 9 
jarak dari node 12: 2 2 3 2 2 2 3 2 3 2 2 2 0 2 2 1 2 3 3 3 2 3 3 2 2 3 3 2 1 3 3 3 2 2 2 1 1 3 2 2 2 2 2 2 2 3 3 1 2 3 2 2 3 3 3 2 2 2 3 3 3 1 2 3 3 3 2 2 2 3 2 3 3 3 3 1 1 3 4 4 3 3 3 4 1 3 4 3 3 3 5 4 4 4 3 3 4 4 4 8 
jarak dari node 13: 3 2 2 3 2 3 3 3 3 2 3 3 2 0 3 1 3 2 3 1 2 3 2 1 1 2 1 2 3 3 3 2 3 2 2 2 3 2 3 2 2 2 3 2 2 2 3 3 3 3 3 2 3 3 2 2 2 2 2 3 2 3 2 3 2 3 2 3 2 2 2 1 2 2 2 3 3 2 3 2 2 3 3 4 3 4 3 3 3 3 5 4 3 3 4 4 5 3 4 9 
jarak dari node 14: 2 2 3 3 2 3 1 2 2 2 3 2 2 3 0 3 1 2 2 3 2 2 3 2 2 2 3 3 2 3 2 2 2 2 2 2 1 2 1 2 2 2 2 3 2 2 1 3 3 2 2 1 2 2 1 3 3 2 2 1 3 3 3 3 3 3 3 1 3 2 2 3 1 3 2 3 3 3 3 3 3 3 2 2 3 3 2 3 3 3 3 4 4 4 4 3 5 4 4 8 
jarak dari node 15: 2 2 2 2 3 3 3 3 3 1 3 2 1 1 3 0 2 3 2 2 3 3 2 2 1 2 2 3 2 3 2 3 3 3 2 2 2 2 3 3 2 2 2 3 1 3 3 2 3 2 3 2 3 3 2 3 1 3 3 3 3 2 2 3 3 3 3 3 2 2 1 2 3 3 2 2 2 3 3 3 3 4 3 3 2 3 4 2 3 2 5 4 3 3 3 3 4 3 4 8 
jarak dari node 16: 2 3 2 2 3 2 2 2 3 2 2 3 2 3 1 2 0 3 2 3 1 1 2 2 2 3 2 2 1 2 3 3 3 2 2 3 2 3 2 3 3 2 2 2 3 3 2 3 2 2 3 1 1 2 2 3 3 3 3 2 3 2 2 3 3 2 2 2 3 3 1 2 2 2 3 3 3 3 3 4 2 3 3 3 3 3 3 3 3 3 4 4 3 3 3 3 4 3 5 8 
jarak dari node 17: 2 2 2 3 2 3 1 1 2 2 2 2 3 2 2 3 3 0 2 2 2 2 1 2 2 2 2 2 3 3 2 3 1 3 3 3 3 2 2 2 3 1 2 2 3 3 2 2 2 1 3 2 4 2 3 2 3 2 2 2 2 3 3 1 2 3 3 3 3 2 2 3 1 3 1 3 3 1 3 3 3 1 2 2 2 2 2 3 3 3 3 3 3 3 4 3 5 3 4 8 
jarak dari node 18: 2 2 3 2 2 3 2 3 2 3 3 2 3 3 2 2 2 2 0 2 3 3 2 2 2 2 3 2 2 2 3 2 2 3 2 2 2 3 2 1 2 2 1 2 2 2 3 3 2 2 3 3 3 3 1 2 2 3 1 3 3 2 3 3 3 1 2 3 3 3 1 3 1 3 3 3 3 3 3 3 3 3 3 3 3 3 3 4 3 4 4 5 4 4 3 3 4 4 4 8 
jarak dari node 19: 2 2 2 2 1 3 2 2 2 2 2 2 3 1 3 2 3 2 2 0 2 2 1 2 2 2 2 2 2 3 3 1 2 3 1 2 3 1 2 1 2 3 2 2 2 1 3 3 3 2 2 3 3 2 2 3 2 2 2 2 2 3 1 3 1 2 3 2 3 1 2 2 2 1 3 2 3 1 3 1 1 3 3 3 3 3 3 3 3 3 4 4 3 3 3 3 4 3 4 8 
jarak dari node 20: 2 2 2 2 3 2 2 3 2 2 3 3 2 2 2 3 1 2 3 2 0 2 3 2 2 2 1 3 2 3 3 3 3 1 3 2 2 3 1 2 2 1 3 3 3 2 2 2 1 2 3 2 2 3 3 3 3 3 3 2 2 1 3 3 3 3 2 3 3 2 2 3 3 3 3 3 3 3 2 3 3 3 3 3 3 4 3 3 3 3 4 4 3 3 3 3 4 3 4 8 
jarak dari node 21: 3 3 3 3 2 3 2 1 2 3 3 3 3 3 2 3 1 2 3 2 2 0 3 3 3 3 3 3 2 3 3 3 3 3 1 3 3 2 3 3 2 3 3 3 3 3 3 4 3 2 3 2 2 1 2 4 2 4 3 3 2 3 3 3 2 3 3 3 3 3 2 3 3 3 3 3 4 3 3 3 3 3 3 3 2 2 3 4 4 4 4 3 4 4 4 4 5 4 5 9 
jarak dari node 22: 2 2 2 2 2 2 2 2 3 2 2 3 3 2 3 2 2 1 2 1 3 3 0 2 1 1 2 1 2 2 2 2 2 3 2 2 2 2 2 1 2 2 2 1 3 2 2 3 2 1 3 2 3 3 2 2 3 1 1 3 1 3 2 2 1 2 2 3 2 2 1 2 2 2 2 3 3 2 3 2 2 2 3 3 3 3 3 3 3 3 4 4 3 3 3 3 4 3 4 8 
jarak dari node 23: 3 1 2 2 2 2 3 3 2 2 2 2 2 1 2 2 2 2 2 2 2 3 2 0 2 2 2 3 2 3 3 3 3 1 3 1 2 1 2 3 2 2 2 2 2 2 2 2 3 2 2 1 3 2 2 1 3 1 3 2 3 3 3 3 3 2 2 3 3 3 3 2 1 2 3 2 3 3 3 3 3 3 2 4 3 3 4 3 3 3 5 4 3 3 3 4 4 3 3 9 
jarak dari node 24: 2 2 2 2 3 3 3 3 3 2 3 3 2 1 2 1 2 2 2 2 2 3 1 2 0 2 2 2 2 2 2 3 2 3 2 2 2 2 3 2 1 3 2 2 2 3 3 3 2 2 3 1 3 3 1 3 2 2 2 2 2 3 3 3 2 3 3 2 1 3 2 2 3 3 1 3 3 3 3 3 3 3 3 4 3 4 4 3 3 3 5 4 3 3 3 3 4 3 4 8 
jarak dari node 25: 3 1 3 2 2 3 3 3 2 1 3 2 3 2 2 2 3 2 2 2 2 3 1 2 2 0 1 2 2 3 3 3 2 2 2 3 3 3 2 1 2 2 3 2 3 2 1 2 3 2 3 2 2 3 1 3 3 2 2 2 2 3 1 3 2 2 2 3 2 2 2 3 1 2 3 3 4 3 3 3 3 3 2 4 3 3 4 2 3 2 5 5 4 4 3 4 4 4 3 9 
jarak dari node 26: 3 2 2 3 3 2 2 2 2 2 3 3 3 1 3 2 2 2 3 2 1 3 2 2 2 1 0 2 3 2 3 3 3 2 2 3 3 3 2 2 3 1 3 2 3 3 2 2 2 3 4 3 2 3 2 3 3 3 2 3 1 2 2 3 3 3 1 2 3 3 3 2 2 3 3 4 4 3 3 3 3 3 3 3 3 3 3 3 3 3 4 4 3 3 3 4 5 3 4 9 
jarak dari node 27: 3 2 3 3 2 2 2 2 2 2 2 2 2 2 3 3 2 2 2 2 3 3 1 3 2 2 2 0 1 3 1 3 1 2 2 2 3 3 3 2 3 3 3 2 2 3 3 2 3 2 3 2 3 3 3 3 3 2 2 3 2 3 2 3 1 1 1 2 3 2 2 1 3 3 3 3 3 3 3 3 3 3 3 3 3 3 3 3 4 3 4 4 4 4 3 4 5 4 4 9 
jarak dari node 28: 3 3 3 3 2 3 3 2 2 1 1 3 1 3 2 2 1 3 2 2 2 2 2 2 2 2 3 1 0 3 2 2 2 3 1 2 2 3 3 3 2 2 3 3 3 3 3 2 3 2 2 1 2 3 2 3 2 2 3 3 2 2 1 3 2 2 2 1 2 2 2 2 3 3 3 2 2 3 3 3 3 2 4 4 2 2 4 2 3 2 5 4 4 4 4 4 5 4 5 9 
jarak dari node 29: 1 3 3 2 3 2 2 2 3 2 3 3 3 3 3 3 2 3 2 3 3 3 2 3 2 3 2 3 3 0 3 2 3 3 2 2 2 3 2 2 3 2 1 2 3 3 3 3 2 2 3 3 1 2 3 3 2 2 3 3 1 3 3 2 3 2 3 3 1 3 2 4 3 4 2 4 2 2 4 3 3 4 3 3 3 3 3 3 3 3 4 4 4 4 3 2 4 3 5 7 
jarak dari node 30: 3 3 2 3 2 3 1 3 3 3 1 2 3 3 2 2 3 2 3 3 3 3 2 3 2 3 3 1 2 3 0 3 2 3 3 3 2 2 3 2 3 2 2 3 1 4 3 3 3 2 2 3 4 2 3 4 3 2 2 3 3 4 3 2 2 2 2 3 3 2 3 2 3 4 3 3 4 3 3 3 3 2 2 2 3 2 2 4 3 4 3 4 3 3 4 4 5 3 5 9 
jarak dari node 31: 1 2 3 3 2 3 2 3 3 3 3 3 3 2 2 3 3 3 2 1 3 3 2 3 3 3 3 3 2 2 3 0 3 3 2 2 2 2 2 2 3 3 1 2 3 2 3 3 3 2 3 3 3 3 3 2 2 3 3 1 3 4 2 2 2 3 3 1 2 2 2 3 3 2 2 3 2 2 4 2 2 4 3 3 4 4 3 3 4 4 4 5 4 4 4 2 5 3 4 7 
jarak dari node 32: 3 2 3 2 3 3 1 2 3 3 3 3 2 3 2 3 3 1 2 2 3 3 2 3 2 2 3 1 2 3 2 3 0 2 3 2 3 3 2 1 3 2 2 2 3 3 3 1 2 2 3 3 4 2 3 3 3 3 2 3 3 2 3 2 2 2 2 2 3 2 3 2 2 3 2 3 3 2 4 3 3 2 2 2 3 3 2 4 3 4 3 4 4 4 3 4 4 4 4 9 
jarak dari node 33: 3 2 1 1 2 3 3 3 2 3 3 2 2 2 2 3 2 3 3 3 1 3 3 1 3 2 2 2 3 3 3 3 2 0 3 2 3 2 2 2 2 2 3 2 2 2 1 1 2 2 2 2 3 3 3 2 4 2 3 3 2 2 3 3 3 3 1 3 2 3 2 3 2 3 4 3 3 2 2 3 2 3 3 3 3 3 4 4 2 3 4 3 2 2 2 4 3 2 4 9 
jarak dari node 34: 3 2 3 2 2 2 3 2 1 2 2 3 2 2 2 2 2 3 2 1 3 1 2 3 2 2 2 2 1 2 3 2 3 3 0 3 2 2 3 2 1 2 2 3 3 2 3 3 2 3 2 2 2 2 1 3 1 3 2 3 1 3 2 4 2 3 2 2 3 2 3 3 2 2 3 3 3 2 2 2 2 2 3 4 3 3 4 3 3 3 4 4 4 4 3 4 4 4 4 9 
jarak dari node 35: 2 2 2 1 1 3 2 3 3 3 2 3 1 2 2 2 3 3 2 2 2 3 2 1 2 3 3 2 2 2 3 2 2 2 3 0 2 2 1 2 2 2 1 1 3 2 3 2 3 2 2 2 3 2 3 1 2 2 3 2 3 2 3 3 2 3 3 3 2 3 2 3 2 3 3 2 2 3 3 3 2 3 3 3 2 3 3 4 2 3 4 4 3 3 2 3 3 3 4 8 
jarak dari node 36: 3 3 2 2 3 2 2 3 3 3 2 2 1 3 1 2 2 3 2 3 2 3 2 2 2 3 3 3 2 2 2 2 3 3 2 2 0 2 2 3 1 3 1 3 1 3 2 2 2 2 1 2 3 3 2 2 2 1 2 2 3 2 3 4 3 3 3 2 3 3 3 4 2 4 3 2 2 3 3 4 3 3 3 3 2 3 3 4 3 4 4 4 3 3 3 4 4 3 5 9 
jarak dari node 37: 3 2 2 2 2 3 2 3 3 2 2 2 3 2 2 2 3 2 3 1 3 2 2 1 2 3 3 3 3 3 2 2 3 2 2 2 2 0 2 2 1 3 2 2 1 2 2 3 2 1 1 2 4 1 2 2 3 2 2 3 3 3 2 3 2 3 3 3 3 2 3 3 2 2 3 3 4 2 3 2 2 3 3 3 3 3 3 3 3 3 4 4 3 3 3 4 4 3 4 9 
jarak dari node 38: 1 2 3 2 2 3 2 3 3 2 2 3 2 3 1 3 2 2 2 2 1 3 2 2 3 2 2 3 3 2 3 2 2 2 3 1 2 2 0 1 3 2 2 2 3 1 2 3 2 1 3 2 2 2 2 2 3 2 3 1 3 2 3 2 3 3 3 2 2 3 2 4 2 3 2 3 2 2 3 3 3 3 3 3 3 3 3 3 3 3 4 5 4 4 3 2 4 3 4 7 
jarak dari node 39: 2 2 2 1 2 3 2 3 3 2 3 3 2 2 2 3 3 2 1 1 2 3 1 3 2 1 2 2 3 2 2 2 1 2 2 2 3 2 1 0 2 3 2 1 3 2 2 2 2 2 2 3 3 3 2 3 3 2 2 2 2 2 2 3 2 2 3 3 2 2 2 3 2 2 3 3 3 2 3 2 2 3 3 3 3 4 3 3 2 3 4 4 3 3 2 3 3 3 4 8 
jarak dari node 40: 3 2 2 1 2 3 2 3 2 2 3 3 2 2 2 2 3 3 2 2 2 2 2 2 1 2 3 3 2 3 3 3 3 2 1 2 1 1 3 2 0 3 2 3 2 2 3 2 1 2 2 2 3 2 1 2 2 2 1 2 2 2 3 4 3 3 3 3 2 3 2 3 3 3 2 3 3 3 3 3 2 3 3 3 3 4 3 3 2 3 4 4 3 3 2 4 3 3 4 9 
jarak dari node 41: 3 1 1 2 3 3 1 2 3 1 3 2 2 2 2 2 2 1 2 3 1 3 2 2 3 2 1 3 2 2 2 3 2 2 2 2 3 3 2 3 3 0 2 3 2 2 3 1 2 2 3 2 3 2 2 3 2 2 2 2 2 2 2 2 3 2 2 3 2 2 3 3 2 2 2 3 3 2 2 3 3 2 2 2 3 3 2 2 2 2 3 3 2 2 3 4 4 2 3 9 
jarak dari node 42: 2 3 3 2 2 2 1 3 3 2 2 2 2 3 2 2 2 2 1 2 3 3 2 2 2 3 3 3 3 1 2 1 2 3 2 1 1 2 2 2 2 2 0 2 2 3 2 3 2 1 2 3 2 2 2 2 1 2 2 2 2 3 3 3 3 2 3 2 2 2 2 4 2 3 3 3 3 3 4 3 3 3 2 2 3 3 2 3 3 3 3 5 4 4 3 3 4 4 5 8 
jarak dari node 43: 1 3 3 2 2 3 2 3 4 3 3 4 2 2 3 3 2 2 2 2 3 3 1 2 2 2 2 2 3 2 3 2 2 2 3 1 3 2 2 1 3 3 2 0 3 3 3 3 3 2 3 3 3 3 3 2 3 2 2 3 2 3 3 2 2 3 3 3 2 3 2 3 3 3 2 3 2 2 4 3 3 3 3 3 3 4 3 3 3 4 4 5 4 4 3 2 4 3 5 7 
jarak dari node 44: 3 3 1 2 3 3 2 2 3 2 2 1 2 2 2 1 3 3 2 2 3 3 3 2 2 3 3 2 3 3 1 3 3 2 3 3 1 1 3 3 2 2 2 3 0 3 3 3 3 2 2 3 3 2 3 3 2 2 3 3 3 3 3 3 3 3 3 3 3 3 2 3 2 3 3 3 3 2 2 3 2 3 2 3 2 2 3 3 2 3 4 3 2 2 3 4 4 2 5 9 
jarak dari node 45: 2 1 3 3 2 4 3 3 3 3 3 3 3 2 2 3 3 3 2 1 2 3 2 2 3 2 3 3 3 3 4 2 3 2 2 2 3 2 1 2 2 2 3 3 3 0 2 2 3 2 3 3 3 3 2 3 3 3 3 2 3 3 2 3 2 2 2 3 3 2 3 3 3 2 3 3 3 2 4 2 2 4 2 4 4 4 4 3 4 4 5 5 4 4 4 3 5 4 3 8 
jarak dari node 46: 3 2 2 2 3 2 2 3 2 2 2 3 3 3 1 3 2 2 3 3 2 3 2 2 3 1 2 3 3 3 3 3 3 1 3 3 2 2 2 2 3 3 2 3 3 2 0 2 2 1 3 2 3 3 2 3 3 3 3 2 3 3 2 3 3 3 2 2 3 3 3 4 2 3 3 4 4 3 3 3 3 3 3 3 4 3 3 3 3 3 4 4 3 3 3 4 4 3 4 9 
jarak dari node 47: 3 1 2 2 3 3 2 3 2 2 3 2 1 3 3 2 3 2 3 3 2 4 3 2 3 2 2 2 2 3 3 3 1 1 3 2 2 3 3 2 2 1 3 3 3 2 2 0 1 2 3 3 4 3 2 3 3 3 3 2 3 2 3 3 3 2 2 3 3 3 3 3 3 2 3 2 2 3 3 3 3 3 2 3 2 3 3 3 3 3 4 4 3 3 3 4 4 3 3 9 
jarak dari node 48: 3 2 3 2 3 3 3 3 1 2 2 3 2 3 3 3 2 2 2 3 1 3 2 3 2 3 2 3 3 2 3 3 2 2 2 3 2 2 2 2 1 2 2 3 3 3 2 1 0 1 3 3 3 3 2 3 3 3 2 3 3 2 3 3 3 3 2 4 3 2 3 4 2 3 3 3 3 3 2 2 3 2 3 4 3 3 4 3 3 3 4 5 4 4 3 4 4 4 4 9 
jarak dari node 49: 2 3 3 3 2 3 2 2 2 1 1 2 3 3 2 2 2 1 2 2 2 2 1 2 2 2 3 2 2 2 2 2 2 2 3 2 2 1 1 2 2 2 1 2 2 2 1 2 1 0 2 2 3 2 3 3 2 2 2 2 2 3 2 2 2 3 3 3 2 2 2 3 2 3 2 3 3 2 3 3 3 2 3 3 3 2 3 2 3 2 4 4 4 4 4 3 5 4 5 8 
jarak dari node 50: 3 3 2 1 2 3 3 3 2 3 1 3 2 3 2 3 3 3 3 2 3 3 3 2 3 3 4 3 2 3 2 3 3 2 2 2 1 1 3 2 2 3 2 3 2 3 3 3 3 2 0 3 4 2 3 3 3 2 3 3 3 2 3 4 2 4 3 3 2 3 2 3 3 3 3 3 3 3 3 3 2 2 4 4 3 2 4 4 2 3 4 4 3 3 2 4 3 3 5 9 
jarak dari node 51: 3 2 3 3 3 3 2 3 3 1 2 3 2 2 1 2 1 2 3 3 2 2 2 1 1 2 3 2 1 3 3 3 3 2 2 2 2 2 2 3 2 2 3 3 3 3 2 3 3 2 3 0 2 3 2 2 3 2 3 2 3 3 2 3 3 3 3 2 2 2 2 3 2 3 2 3 3 3 4 4 3 3 3 3 3 3 3 2 3 2 4 5 4 4 4 4 5 4 4 9 
jarak dari node 52: 2 3 3 3 4 3 3 3 3 2 3 4 3 3 2 3 1 4 3 3 2 2 3 3 3 2 2 3 2 1 4 3 4 3 2 3 3 4 2 3 3 3 2 3 3 3 3 4 3 3 4 2 0 3 3 4 3 3 4 3 2 3 3 3 4 3 3 3 2 3 2 3 3 3 3 4 3 3 4 4 3 4 4 4 4 4 4 3 4 3 5 5 4 4 4 3 5 4 5 8 
jarak dari node 53: 3 3 2 2 1 4 1 2 3 3 2 3 3 3 2 3 2 2 3 2 3 1 3 2 3 3 3 3 3 2 2 3 2 3 2 2 3 1 2 3 2 2 2 3 2 3 3 3 3 2 2 3 3 0 3 3 3 3 2 3 3 3 3 3 2 3 3 3 3 2 3 4 2 3 3 2 4 3 3 3 3 3 2 2 3 3 2 4 3 4 3 4 3 3 3 4 4 3 5 9 
jarak dari node 54: 3 1 3 2 3 3 2 3 2 2 2 3 3 2 1 2 2 3 1 2 3 2 2 2 1 1 2 3 2 3 3 3 3 3 1 3 2 2 2 2 1 2 2 3 3 2 2 2 2 3 3 2 3 3 0 3 2 3 2 2 2 3 2 4 3 2 2 2 2 3 2 3 2 2 2 4 4 3 3 3 3 3 2 3 4 3 3 3 3 3 4 5 4 4 3 4 4 4 3 9 
jarak dari node 55: 3 2 3 2 2 3 3 3 3 3 3 3 2 2 3 3 3 2 2 3 3 4 2 1 3 3 3 3 3 3 4 2 3 2 3 1 2 2 2 3 2 3 2 2 3 3 3 3 3 3 3 2 4 3 3 0 3 2 3 3 3 3 4 3 3 3 3 3 3 4 3 3 2 3 3 3 3 3 4 4 3 3 3 4 3 4 4 4 3 4 5 5 4 4 3 4 4 4 4 9 
jarak dari node 56: 3 3 3 3 3 3 2 2 2 2 2 3 2 2 3 1 3 3 2 2 3 2 3 3 2 3 3 3 2 2 3 2 3 4 1 2 2 3 3 3 2 2 1 3 2 3 3 3 3 2 3 3 3 3 2 3 0 3 3 3 2 3 3 4 3 3 3 3 3 3 2 3 3 3 3 3 3 3 3 3 3 3 3 3 3 3 3 3 4 3 4 4 4 4 4 4 5 4 5 9 
jarak dari node 57: 3 2 1 2 2 1 3 3 3 3 1 2 2 2 2 3 3 2 3 2 3 4 1 1 2 2 3 2 2 2 2 3 3 2 3 2 1 2 2 2 2 2 2 2 2 3 3 3 3 2 2 2 3 3 3 2 3 0 2 3 2 3 3 3 2 3 3 3 3 3 2 3 2 3 3 3 3 2 2 3 3 2 3 3 3 2 4 4 2 4 5 3 2 2 2 4 4 2 4 9 
jarak dari node 58: 2 3 3 2 3 3 1 3 3 3 3 3 3 2 2 3 3 2 1 2 3 3 1 3 2 2 2 2 3 3 2 3 2 3 2 3 2 2 3 2 1 2 2 2 3 3 3 3 2 2 3 3 4 2 2 3 3 2 0 3 2 3 3 3 2 2 3 3 3 2 2 3 2 3 3 4 3 3 4 3 3 3 2 2 4 4 2 4 3 4 3 5 4 4 3 3 4 4 5 8 
jarak dari node 59: 2 1 3 3 3 4 2 3 3 3 3 3 3 3 1 3 2 2 3 2 2 3 3 2 2 2 3 3 3 3 3 1 3 3 3 2 2 3 1 2 2 2 2 3 3 2 2 2 3 2 3 2 3 3 2 3 3 3 3 0 4 3 3 3 3 2 2 2 3 3 3 4 2 2 3 4 3 3 4 3 3 3 2 3 4 4 3 3 4 4 4 5 4 4 4 3 5 4 3 8 
jarak dari node 60: 2 3 3 3 3 1 3 1 2 3 3 3 3 2 3 3 3 2 3 2 2 2 1 3 2 2 1 2 2 1 3 3 3 2 1 3 3 3 3 2 2 2 2 2 3 3 3 3 3 2 3 3 2 3 2 3 2 2 2 4 0 3 3 3 2 3 2 3 2 3 2 3 3 3 3 4 3 3 3 3 3 3 4 4 2 2 4 4 4 4 5 3 4 3 2 3 5 4 5 8 
jarak dari node 61: 3 3 2 1 2 3 3 3 3 3 3 3 1 3 3 2 2 3 2 3 1 3 3 3 3 3 2 3 2 3 4 4 2 2 3 2 2 3 2 2 2 2 3 3 3 3 3 2 2 3 2 3 3 3 3 3 3 3 3 3 3 0 3 4 3 3 3 3 2 3 2 3 3 4 4 2 2 3 3 4 2 4 4 4 2 4 4 4 2 3 4 4 3 3 2 4 3 3 5 9 
jarak dari node 62: 3 2 3 3 2 4 3 3 3 1 2 3 2 2 3 2 2 3 3 1 3 3 2 3 3 1 2 2 1 3 3 2 3 3 2 3 3 2 3 2 3 2 3 3 3 2 2 3 3 2 3 2 3 3 2 4 3 3 3 3 3 3 0 3 2 3 3 2 2 2 3 3 2 2 4 3 3 2 4 2 2 3 3 4 3 3 4 2 3 2 5 5 4 4 4 4 5 4 4 9 
jarak dari node 63: 1 3 3 3 3 3 2 2 3 2 3 3 3 3 3 3 3 1 3 3 3 3 2 3 3 3 3 3 3 2 2 2 2 3 4 3 4 3 2 3 4 2 3 2 3 3 3 3 3 2 4 3 3 3 4 3 4 3 3 3 3 4 3 0 3 4 4 3 2 3 2 4 2 4 2 4 2 2 4 3 4 2 3 3 3 3 3 3 4 3 4 4 4 4 4 2 5 3 5 7 
jarak dari node 64: 3 3 3 2 1 3 3 1 3 3 1 2 3 2 3 3 3 2 3 1 3 2 1 3 2 2 3 1 2 3 2 2 2 3 2 2 3 2 3 2 3 3 3 2 3 2 3 3 3 2 2 3 4 2 3 3 3 2 2 3 2 3 2 3 0 2 2 3 3 2 2 2 2 2 3 2 4 2 3 2 2 2 3 4 2 2 4 4 3 4 5 3 4 4 3 4 4 4 5 9 
jarak dari node 65: 3 1 3 3 2 3 3 3 3 3 3 3 3 3 3 3 2 3 1 2 3 3 2 2 3 2 3 1 2 2 2 3 2 3 3 3 3 3 3 2 3 2 2 3 3 2 3 2 3 3 4 3 3 3 2 3 3 3 2 2 3 3 3 4 2 0 2 3 3 3 2 2 2 2 4 3 4 3 4 3 3 4 2 4 4 4 4 3 4 4 5 5 4 4 4 4 5 4 3 9 
jarak dari node 66: 4 1 2 2 3 3 2 3 1 3 2 3 2 2 3 3 2 3 2 3 2 3 2 2 3 2 1 1 2 3 2 3 2 1 2 3 3 3 3 3 3 2 3 3 3 2 2 2 2 3 3 3 3 3 2 3 3 3 3 2 2 3 3 4 2 2 0 3 3 2 3 2 2 2 4 3 3 3 2 2 3 2 2 3 3 3 3 3 3 4 4 4 3 3 3 5 4 3 3 10 
jarak dari node 67: 2 3 3 2 3 4 2 3 3 2 2 3 2 3 1 3 2 3 3 2 3 3 3 3 2 3 2 2 1 3 3 1 2 3 2 3 2 3 2 3 3 3 2 3 3 3 2 3 4 3 3 2 3 3 2 3 3 3 3 2 3 3 2 3 3 3 3 0 3 3 3 3 2 3 3 3 3 3 4 3 3 3 3 3 3 3 3 3 3 3 4 5 4 4 3 3 4 4 5 8 
jarak dari node 68: 1 3 2 1 2 3 3 2 3 1 3 3 2 2 3 2 3 3 3 3 3 3 2 3 1 2 3 3 2 1 3 2 3 2 3 2 3 3 2 2 2 2 2 2 3 3 3 3 3 2 2 2 2 3 2 3 3 3 3 3 2 2 2 2 3 3 3 3 0 2 2 3 3 4 2 3 2 2 3 3 2 4 4 4 3 3 4 2 2 2 4 4 3 3 2 2 3 3 5 7 
jarak dari node 69: 3 3 3 3 2 4 1 2 1 1 3 3 3 2 2 2 3 2 3 1 2 3 2 3 3 2 3 2 2 3 2 2 2 3 2 3 3 2 3 2 3 2 2 3 3 2 3 3 2 2 3 2 3 2 3 4 3 3 2 3 3 3 2 3 2 3 2 3 2 0 3 3 2 2 3 3 4 2 2 2 2 2 2 2 3 3 2 2 3 2 3 4 4 4 4 4 5 4 5 9 
jarak dari node 70: 1 3 2 1 2 3 3 3 3 2 3 3 2 2 2 1 1 2 1 2 2 2 1 3 2 2 3 2 2 2 3 2 3 2 3 2 3 3 2 2 2 3 2 2 2 3 3 3 3 2 2 2 2 3 2 3 2 2 2 3 2 2 3 2 2 2 3 3 2 3 0 3 2 3 2 3 2 2 3 3 2 3 4 4 3 4 4 3 2 3 4 4 3 3 2 2 3 3 5 7 
jarak dari node 71: 3 3 3 2 3 3 3 3 3 3 3 3 3 1 3 2 2 3 3 2 3 3 2 2 2 3 2 1 2 4 2 3 2 3 3 3 4 3 4 3 3 3 4 3 3 3 4 3 4 3 3 3 3 4 3 3 3 3 3 4 3 3 3 4 2 2 2 3 3 3 3 0 3 3 3 4 4 3 4 3 3 4 4 4 4 4 4 4 3 4 5 5 4 4 3 4 4 4 5 9 
jarak dari node 72: 3 2 2 2 1 3 2 2 1 2 2 1 3 2 1 3 2 1 1 2 3 3 2 1 3 1 2 3 3 3 3 3 2 2 2 2 2 2 2 2 3 2 2 3 2 3 2 3 2 2 3 2 3 2 2 2 3 2 2 2 3 3 2 2 2 2 2 2 3 2 2 3 0 3 2 2 4 2 2 2 2 2 2 3 2 2 3 3 3 3 4 4 3 3 3 4 4 3 4 9 
jarak dari node 73: 3 1 3 3 2 3 3 3 3 3 3 2 3 2 3 3 2 3 3 1 3 3 2 2 3 2 3 3 3 4 4 2 3 3 2 3 4 2 3 2 3 2 3 3 3 2 3 2 3 3 3 3 3 3 2 3 3 3 3 2 3 4 2 4 2 2 2 3 4 2 3 3 3 0 4 3 4 2 4 2 2 4 2 4 3 3 4 3 4 4 5 5 4 4 4 4 5 4 3 9 
jarak dari node 74: 1 3 3 3 3 4 2 2 3 3 2 3 3 2 2 2 3 1 3 3 3 3 2 3 1 3 3 3 3 2 3 2 2 4 3 3 3 3 2 3 2 2 3 2 3 3 3 3 3 2 3 2 3 3 2 3 3 3 3 3 3 4 4 2 3 4 4 3 2 3 2 3 2 4 0 4 2 2 4 3 4 2 3 3 3 3 3 3 4 4 4 4 4 4 4 2 5 3 5 7 
jarak dari node 75: 3 3 3 2 1 3 3 3 3 3 2 3 1 3 3 2 3 3 3 2 3 3 3 2 3 3 4 3 2 4 3 3 3 3 3 2 2 3 3 3 3 3 3 3 3 3 4 2 3 3 3 3 4 2 4 3 3 3 4 4 4 2 3 4 2 3 3 3 3 3 3 4 2 3 4 0 2 3 4 3 3 3 4 4 2 3 4 4 3 4 5 5 4 4 3 4 4 4 5 9 
jarak dari node 76: 1 3 2 3 3 3 4 3 3 3 3 3 1 3 3 2 3 3 3 3 3 4 3 3 3 4 4 3 2 2 4 2 3 3 3 2 2 4 2 3 3 3 3 2 3 3 4 2 3 3 3 3 3 4 4 3 3 3 3 3 3 2 3 2 4 4 3 3 2 4 2 4 4 4 2 2 0 2 3 3 4 4 4 4 2 4 5 3 3 4 6 4 3 3 4 2 5 3 5 7 
jarak dari node 77: 1 2 1 2 2 3 2 2 3 3 3 2 3 2 3 3 3 1 3 1 3 3 2 3 3 3 3 3 3 2 3 2 2 2 2 3 3 2 2 2 3 2 3 2 2 2 3 3 3 2 3 3 3 3 3 3 3 2 3 3 3 3 2 2 2 3 3 3 2 2 2 3 2 2 2 3 2 0 2 2 2 2 3 3 3 3 3 3 2 4 4 3 2 2 3 2 4 2 4 7 
jarak dari node 78: 3 3 1 2 3 3 3 2 1 3 3 2 4 3 3 3 3 3 3 3 2 3 3 3 3 3 3 3 3 4 3 4 4 2 2 3 3 3 3 3 3 2 4 4 2 4 3 3 2 3 3 4 4 3 3 4 3 2 4 4 3 3 4 4 3 4 2 4 3 2 3 4 2 4 4 4 3 2 0 2 3 2 3 3 3 3 4 4 2 4 4 3 2 2 3 4 4 2 5 9 
jarak dari node 79: 2 2 3 3 2 4 2 3 1 3 3 3 4 2 3 3 4 3 3 1 3 3 2 3 3 3 3 3 3 3 3 2 3 3 2 3 4 2 3 2 3 3 3 3 3 2 3 3 2 3 3 4 4 3 3 4 3 3 3 3 3 4 2 3 2 3 2 3 3 2 3 3 2 2 3 3 3 2 2 0 2 2 3 3 4 3 3 4 4 4 4 5 4 4 4 3 5 4 4 8 
jarak dari node 80: 3 2 2 1 2 3 3 3 3 3 3 1 3 2 3 3 2 3 3 1 3 3 2 3 3 3 3 3 3 3 3 2 3 2 2 2 3 2 3 2 2 3 3 3 2 2 3 3 3 3 2 3 3 3 3 3 3 3 3 3 3 2 2 4 2 3 3 3 2 2 2 3 2 2 4 3 4 2 3 2 0 4 2 3 2 2 4 4 2 3 4 4 3 3 2 4 3 3 4 9 
jarak dari node 81: 3 3 3 3 2 3 2 2 1 3 1 3 3 3 3 4 3 1 3 3 3 3 2 3 3 3 3 3 2 4 2 4 2 3 2 3 3 3 3 3 3 2 3 3 3 4 3 3 2 2 2 3 4 3 3 3 3 2 3 3 3 4 3 2 2 4 2 3 4 2 3 4 2 4 2 3 4 2 2 2 4 0 3 3 3 2 3 4 4 4 4 4 4 4 4 4 5 4 5 9 
jarak dari node 82: 4 1 2 3 3 4 1 3 3 3 3 1 3 3 2 3 3 2 3 3 3 3 3 2 3 2 3 3 4 3 2 3 2 3 3 3 3 3 3 3 3 2 2 3 2 2 3 2 3 3 4 3 4 2 2 3 3 3 2 2 4 4 3 3 3 2 2 3 4 2 4 4 2 2 3 4 4 3 3 3 2 3 0 2 2 2 2 3 3 4 3 4 3 3 4 5 5 3 3 10 
jarak dari node 83: 3 3 2 3 3 4 1 3 3 3 3 2 4 4 2 3 3 2 3 3 3 3 3 4 4 4 3 3 4 3 2 3 2 3 4 3 3 3 3 3 3 2 2 3 3 4 3 3 4 3 4 3 4 2 3 4 3 3 2 3 4 4 4 3 4 4 3 3 4 2 4 4 3 4 3 4 4 3 3 3 3 3 2 0 3 3 2 4 3 4 3 4 3 3 4 4 5 3 5 9 
jarak dari node 84: 3 3 2 3 3 3 3 1 3 2 3 1 1 3 3 2 3 2 3 3 3 2 3 3 3 3 3 3 2 3 3 4 3 3 3 2 2 3 3 3 3 3 3 3 2 4 4 2 3 3 3 3 4 3 4 3 3 3 4 4 2 2 3 3 2 4 3 3 3 3 3 4 2 3 3 2 2 3 3 4 2 3 2 3 0 2 4 3 3 3 5 3 3 3 4 4 5 3 5 9 
jarak dari node 85: 4 3 2 3 2 2 3 1 2 2 1 1 3 4 3 3 3 2 3 3 4 2 3 3 4 3 3 3 2 3 2 4 3 3 3 3 3 3 3 4 4 3 3 4 2 4 3 3 3 2 2 3 4 3 3 4 3 2 4 4 2 4 3 3 2 4 3 3 3 3 4 4 2 3 3 3 4 3 3 3 2 2 2 3 2 0 4 3 3 3 5 3 3 3 3 5 5 3 5 10 
jarak dari node 86: 4 3 3 3 3 4 1 3 3 3 3 3 4 3 2 4 3 2 3 3 3 3 3 4 4 4 3 3 4 3 2 3 2 4 4 3 3 3 3 3 3 2 2 3 3 4 3 3 4 3 4 3 4 2 3 4 3 4 2 3 4 4 4 3 4 4 3 3 4 2 4 4 3 4 3 4 5 3 4 3 4 3 2 2 4 4 0 4 3 4 3 5 4 4 4 5 5 4 5 10 
jarak dari node 87: 2 2 3 3 4 3 3 4 3 1 3 4 3 3 3 2 3 3 4 3 3 4 3 3 3 2 3 3 2 3 4 3 4 4 3 4 4 3 3 3 3 2 3 3 3 3 3 3 3 2 4 2 3 4 3 4 3 4 4 3 4 4 2 3 4 3 3 3 2 2 3 4 3 3 3 4 3 3 4 4 4 4 3 4 3 3 4 0 3 2 5 5 4 4 4 3 5 4 4 8 
jarak dari node 88: 3 3 1 1 2 3 2 3 3 2 3 2 3 3 3 3 3 3 3 3 3 4 3 3 3 3 3 4 3 3 3 4 3 2 3 2 3 3 3 2 2 2 3 3 2 4 3 3 3 3 2 3 4 3 3 3 4 2 3 4 4 2 3 4 3 4 3 3 2 3 2 3 3 4 4 3 3 2 2 4 2 4 3 3 3 3 3 3 0 3 4 3 2 2 2 4 3 2 5 9 
jarak dari node 89: 3 3 3 2 3 4 3 4 3 1 3 4 3 3 3 2 3 3 4 3 3 4 3 3 3 2 3 3 2 3 4 4 4 3 3 3 4 3 3 3 3 2 3 4 3 4 3 3 3 2 3 2 3 4 3 4 3 4 4 4 4 3 2 3 4 4 4 3 2 2 3 4 3 4 4 4 4 4 4 4 3 4 4 4 3 3 4 2 3 0 5 5 4 4 3 4 4 4 5 9 
jarak dari node 90: 5 4 4 3 4 5 2 4 3 4 4 4 5 5 3 5 4 3 4 4 4 4 4 5 5 5 4 4 5 4 3 4 3 4 4 4 4 4 4 4 4 3 3 4 4 5 4 4 4 4 4 4 5 3 4 5 4 5 3 4 5 4 5 4 5 5 4 4 4 3 4 5 4 5 4 5 6 4 4 4 4 4 3 3 5 5 3 5 4 5 0 6 5 5 4 6 5 5 6 11 
jarak dari node 91: 4 4 2 3 4 4 4 2 4 4 4 3 4 4 4 4 4 3 5 4 4 3 4 4 4 5 4 4 4 4 4 5 4 3 4 4 4 4 5 4 4 3 5 5 3 5 4 4 5 4 4 5 5 4 5 5 4 3 5 5 3 4 5 4 3 5 4 5 4 4 4 5 4 5 4 5 4 3 3 5 4 4 4 4 3 3 5 5 3 5 6 0 3 3 4 5 5 3 6 10 
jarak dari node 92: 3 3 1 2 3 3 3 4 3 3 3 2 4 3 4 3 3 3 4 3 3 4 3 3 3 4 3 4 4 4 3 4 4 2 4 3 3 3 4 3 3 2 4 4 2 4 3 3 4 4 3 4 4 3 4 4 4 2 4 4 4 3 4 4 4 4 3 4 3 4 3 4 3 4 4 4 3 2 2 4 3 4 3 3 3 3 4 4 2 4 5 3 0 2 3 4 4 2 5 9 
jarak dari node 93: 3 3 1 2 3 2 3 4 3 3 3 2 4 3 4 3 3 3 4 3 3 4 3 3 3 4 3 4 4 4 3 4 4 2 4 3 3 3 4 3 3 2 4 4 2 4 3 3 4 4 3 4 4 3 4 4 4 2 4 4 3 3 4 4 4 4 3 4 3 4 3 4 3 4 4 4 3 2 2 4 3 4 3 3 3 3 4 4 2 4 5 3 2 0 3 4 4 2 5 9 
jarak dari node 94: 3 4 2 1 2 1 4 3 4 3 3 3 3 4 4 3 3 4 3 3 3 4 3 3 3 3 3 3 4 3 4 4 3 2 3 2 3 3 3 2 2 3 3 3 3 4 3 3 3 4 2 4 4 3 3 3 4 2 3 4 2 2 4 4 3 4 3 3 2 4 2 3 3 4 4 3 4 3 3 4 2 4 4 4 4 3 4 4 2 3 4 4 3 3 0 4 3 3 6 9 
jarak dari node 95: 1 4 3 3 4 4 4 4 4 3 4 4 3 4 3 3 3 3 3 3 3 4 3 4 3 4 4 4 4 2 4 2 4 4 4 3 4 4 2 3 4 4 3 2 4 3 4 4 4 3 4 4 3 4 4 4 4 4 3 3 3 4 4 2 4 4 5 3 2 4 2 4 4 4 2 4 2 2 4 3 4 4 5 4 4 5 5 3 4 4 6 5 4 4 4 0 5 3 5 7 
jarak dari node 96: 4 4 3 2 3 4 5 4 5 4 4 4 4 5 5 4 4 5 4 4 4 5 4 4 4 4 5 5 5 4 5 5 4 3 4 3 4 4 4 3 3 4 4 4 4 5 4 4 4 5 3 5 5 4 4 4 5 4 4 5 5 3 5 5 4 5 4 4 3 5 3 4 4 5 5 4 5 4 4 5 3 5 5 5 5 5 5 5 3 4 5 5 4 4 3 5 0 4 6 10 
jarak dari node 97: 2 3 1 2 3 3 3 4 3 3 3 2 4 3 4 3 3 3 4 3 3 4 3 3 3 4 3 4 4 3 3 3 4 2 4 3 3 3 3 3 3 2 4 3 2 4 3 3 4 4 3 4 4 3 4 4 4 2 4 4 4 3 4 3 4 4 3 4 3 4 3 4 3 4 3 4 3 2 2 4 3 4 3 3 3 3 4 4 2 4 5 3 2 2 3 3 4 0 5 8 
jarak dari node 98: 4 2 4 5 5 5 4 5 4 4 5 4 4 4 4 4 5 4 4 4 4 5 4 3 4 3 4 4 5 5 5 4 4 4 4 4 5 4 4 4 4 3 5 5 5 3 4 3 4 5 5 4 5 5 3 4 5 4 5 3 5 5 4 5 5 3 3 5 5 5 5 5 4 3 5 5 5 4 5 4 4 5 3 5 5 5 5 4 5 5 6 6 5 5 6 5 6 5 0 10 
jarak dari node 99: 6 9 8 8 9 9 9 9 9 8 9 9 8 9 8 8 8 8 8 8 8 9 8 9 8 9 9 9 9 7 9 7 9 9 9 8 9 9 7 8 9 9 8 7 9 8 9 9 9 8 9 9 8 9 9 9 9 9 8 8 8 9 9 7 9 9 10 8 7 9 7 9 9 9 7 9 7 7 9 8 9 9 10 9 9 10 10 8 9 9 11 10 9 9 9 7 10 8 10 0 
